 hh=0.850000, gg=0.150000, delta=0.100000

 0.69942 0.00012 0.07304 0.07304 0.00069 0.07304 0.07304 0.00069 0.00012 0.00012 0.00069 0.00069 0.00069 0.00069 0.00391
 0.00013 0.59663 0.02594 0.02594 0.14629 0.02594 0.02594 0.14629 0.00012 0.00012 0.00069 0.00069 0.00069 0.00069 0.00391
 0.03867 0.01297 0.69525 0.00024 0.07349 0.00024 0.00024 0.00069 0.01297 0.01297 0.07349 0.00069 0.07349 0.00069 0.00391
 0.03867 0.01297 0.00024 0.69525 0.07349 0.00024 0.00024 0.00069 0.01297 0.01297 0.00069 0.07349 0.00069 0.07349 0.00391
 0.00013 0.02582 0.02594 0.02594 0.71711 0.00024 0.00024 0.00069 0.00012 0.00012 0.01354 0.01354 0.01354 0.01354 0.14951
 0.03867 0.01297 0.00024 0.00024 0.00069 0.69525 0.00024 0.07349 0.01297 0.01297 0.07349 0.07349 0.00069 0.00069 0.00391
 0.03867 0.01297 0.00024 0.00024 0.00069 0.00024 0.69525 0.07349 0.01297 0.01297 0.00069 0.00069 0.07349 0.07349 0.00391
 0.00013 0.02582 0.00024 0.00024 0.00069 0.02594 0.02594 0.71711 0.00012 0.00012 0.01354 0.01354 0.01354 0.01354 0.14951
 0.00013 0.00012 0.02594 0.02594 0.00069 0.02594 0.02594 0.00069 0.59663 0.00012 0.14629 0.00069 0.00069 0.14629 0.00391
 0.00013 0.00012 0.02594 0.02594 0.00069 0.02594 0.02594 0.00069 0.00012 0.59663 0.00069 0.14629 0.14629 0.00069 0.00391
 0.00013 0.00012 0.02594 0.00024 0.01354 0.02594 0.00024 0.01354 0.02582 0.00012 0.71711 0.01354 0.01354 0.00069 0.14951
 0.00013 0.00012 0.00024 0.02594 0.01354 0.02594 0.00024 0.01354 0.00012 0.02582 0.01354 0.71711 0.00069 0.01354 0.14951
 0.00013 0.00012 0.02594 0.00024 0.01354 0.00024 0.02594 0.01354 0.00012 0.02582 0.01354 0.00069 0.71711 0.01354 0.14951
 0.00013 0.00012 0.00024 0.02594 0.01354 0.00024 0.02594 0.01354 0.02582 0.00012 0.00069 0.01354 0.01354 0.71711 0.14951
 0.00013 0.00012 0.00024 0.00024 0.02638 0.00024 0.00024 0.02638 0.00012 0.00012 0.02638 0.02638 0.02638 0.02638 0.84023
